2123 3173 3134 3133 3124 3124 3124 2263 2124 2123
1260 2361 2361 2271 1571 1261 1261 1261 1261 1261
329 640 340 340 340 340 340 340 340 340
2863 3973 3973 3964 3963 3963 3963 3963 3894 3694
326 561 336 336 336 336 328 326 326 326
1348 2459 2459 2459 2247 1459 1459 1447 1356 1348
924 1984 1935 1084 934 925 925 925 925 924
1342 2453 2453 2443 2173 1443 1443 1373 1343 1343
1941 3048 3042 3042 3042 3042 2757 1957 1941 1941
1623 2734 2734 2730 2724 2360 1659 1623 1623 1623
2676 3717 3717 3717 3717 3717 3717 3707 3707 2777
622 1656 749 622 622 622 622 622 622 622
66 177 177 142 77 76 71 66 66 66
2807 3918 3918 3918 3918 3896 3818 3816 3807 3385
1549 2659 2650 2559 2559 1850 1559 1559 1559 1550
185 296 296 296 295 289 285 285 285 239
108 219 219 219 219 208 119 119 118 108
1667 2778 2777 2777 2777 2649 1777 1769 1739 1667
661 1768 1078 678 662 662 661 661 661 661
107 218 218 218 218 198 118 118 108 108
