52 183
479 11
443 360
858 528
26 895
853 330
699 112
823 787
813 808
940 611
473 602
6 132
920 183
488 397
827 455
639 997
1009 877
215 93
622 427
299 47
379 647
760 126
915 52
861 558
146 702
281 775
909 617
801 285
683 803
235 264
238 484
339 873
967 222
650 552
600 563
187 947
50 977
6 946
481 963
642 866
618 625
219 921
184 501
281 1019
260 865
327 515
365 496
719 664
193 306
870 343
267 791
746 32
979 316
256 750
593 434
36 897
795 186
688 253
249 977
820 968
460 507
1005 121
786 823
106 698
19 977
745 974
1007 284
601 465
193 960
371 856
730 784
971 405
660 499
454 634
579 907
392 248
370 13
837 371
46 130
84 941
892 63
349 827
270 874
811 948
781 461
222 157
563 485
986 168
803 197
82 414
663 356
370 472
844 7
138 181
99 888
953 220
24 989
840 276
201 292
754 626
784 981
443 975
120 321
520 403
818 921
254 600
49 455
463 622
804 891
756 599
820 901
867 683
960 843
112 682
285 136
94 865
817 43
365 535
940 935
833 883
460 732
165 61
684 507
375 626
203 462
340 106
790 1021
841 181
864 725
862 952
794 123
167 954
466 585
497 531
391 380
90 304
366 850
334 253
880 24
487 708
815 57
56 825
1007 579
281 895
824 846
970 117
48 592
154 112
644 513
894 649
954 9
860 982
212 294
319 169
878 67
125 804
606 667
223 179
52 588
411 503
621 874
444 355
468 668
158 596
223 86
97 26
1010 151
447 955
101 196
264 764
546 977
621 388
568 126
715 843
323 618
470 100
457 942
587 912
485 923
1011 743
771 706
859 82
14 755
952 280
21 114
68 191
580 565
693 688
508 122
742 382
484 829
748 186
75 939
839 310
30 558
242 824
907 799
531 75
356 920
11 458
650 375
942 77
766 204
327 609
992 248
54 43
230 450
366 801
88 303
863 180
1005 116
917 79
155 887
784 422
881 509
885 793
871 505
710 801
387 612
861 12
56 354
805 914
692 285
589 146
327 778
895 426
506 306
170 786
186 659
145 952
722 41
548 5
807 568
157 232
245 169
524 1016
907 300
586 303
450 573
328 149
577 775
59 198
985 57
718 227
157 145
188 861
867 877
422 734
967 649
819 577
571 187
488 317
621 452
3 48
198 46
822 329
528 773
832 879
84 488
634 524
362 239
93 820
531 204
854 514
68 473
661 647
965 637
67 123
172 560
607 68
398 368
119 404
260 925
390 949
450 342
582 1022
820 810
1015 674
165 325
799 843
467 231
870 434
558 406
968 935
1004 728
74 549
954 376
278 191
117 189
532 666
666 565
352 89
764 460
786 342
162 927
135 560
995 628
11 1003
915 528
233 977
504 893
247 305
497 432
622 523
167 612
154 129
219 831
268 505
848 981
885 28
589 1008
613 1018
999 559
64 623
577 888
759 295
602 55
489 1004
504 73
687 85
215 669
477 839
321 432
390 743
773 143
129 249
245 336
896 740
340 218
83 958
231 916
972 840
821 831
905 435
522 300
970 566
383 735
145 422
142 702
847 533
784 913
227 974
691 3
222 97
33 6
923 303
121 262
70 869
282 940
217 973
517 802
514 162
585 898
577 657
168 725
616 398
349 950
954 841
939 15
22 150
454 970
209 943
789 573
491 277
228 45
848 706
869 743
618 337
995 428
131 169
569 137
64 745
563 916
932 1016
143 476
424 952
872 596
146 631
910 636
682 635
319 112
856 505
843 162
592 448
618 812
951 721
443 161
55 1013
1007 1004
457 985
915 124
721 879
488 761
374 866
478 372
485 31
537 795
959 315
764 354
143 525
223 356
519 68
59 664
645 572
534 40
165 76
957 423
162 885
728 419
792 534
566 180
977 251
567 77
432 910
412 305
662 574
643 633
274 155
728 700
741 917
994 237
661 905
767 925
321 821
333 469
650 87
339 897
976 601
488 904
186 382
957 898
508 847
1003 575
252 780
674 706
944 992
874 643
545 579
378 615
61 865
953 709
583 709
288 267
148 533
917 774
650 333
157 848
400 132
914 134
841 651
620 562
182 759
316 468
60 726
568 692
378 119
829 495
763 959
470 91
867 910
220 361
186 491
624 375
510 585
213 512
52 326
62 831
276 232
959 376
45 334
454 501
998 421
358 257
350 735
622 826
164 191
683 840
192 348
934 281
795 701
4 121
953 845
54 64
442 203
538 1012
490 485
908 990
225 462
175 240
43 573
765 795
613 205
554 422
704 803
481 463
585 473
295 483
549 513
717 348
337 989
451 230
197 825
265 333
574 420
994 438
210 615
821 733
132 821
602 350
814 835
285 57
542 373
887 579
928 65
31 579
810 239
41 480
815 1005
403 304
743 363
980 371
82 952
750 775
102 212
24 326
385 914
265 308
888 925
991 126
706 790
6 1020
477 490
473 45
351 266
631 874
222 68
1021 585
337 302
516 746
49 438
329 538
847 432
334 592
720 709
476 299
296 400
892 480
527 772
15 339
190 876
945 644
206 410
714 941
664 542
981 204
743 711
121 284
878 565
251 453
754 572
973 726
183 24
797 839
155 708
561 811
432 343
755 481
399 637
156 443
648 37
749 111
396 365
931 868
299 248
821 157
884 27
52 769
585 41
751 848
636 739
59 286
768 42
680 812
232 141
179 834
946 878
221 927
772 317
566 126
284 45
73 362
108 142
185 124
973 691
407 934
197 583
626 465
254 964
82 281
92 485
340 260
164 13
331 559
687 934
981 895
234 969
89 28
153 340
9 272
183 100
684 414
880 378
319 285
567 109
595 400
661 657
671 933
470 823
734 1000
873 131
77 689
719 81
423 164
437 870
972 430
845 618
998 630
916 700
810 291
692 457
92 379
289 327
127 761
739 757
889 860
526 586
668 965
106 219
67 65
496 542
137 13
644 316
1017 109
402 535
993 801
157 68
397 59
822 444
179 522
359 535
98 42
1008 884
80 764
831 89
632 145
159 301
618 767
878 802
314 609
387 254
323 281
342 542
988 718
218 138
674 141
184 575
436 770
511 167
257 515
661 316
619 887
631 819
598 211
822 483
738 910
168 183
727 36
755 508
647 689
831 971
524 295
42 1013
157 958
450 552
869 412
276 86
906 462
675 906
366 478
365 471
655 79
116 531
17 356
22 869
818 662
959 851
842 316
251 999
528 997
387 700
787 372
835 661
544 667
122 484
956 909
989 485
1017 586
943 79
949 8
672 964
792 741
34 605
581 608
583 284
985 84
457 968
606 746
390 266
752 125
11 510
996 682
245 998
54 987
997 163
104 1001
720 643
225 894
480 752
13 804
889 37
1006 996
719 320
588 586
712 83
594 314
997 721
696 564
529 217
381 748
727 500
120 483
354 421
150 343
124 832
870 162
135 1012
309 850
414 853
937 895
186 100
823 506
47 158
376 493
219 574
51 755
215 944
342 169
513 567
377 490
653 636
625 221
49 787
617 932
805 461
562 528
11 989
124 359
854 57
632 498
230 47
992 682
852 443
1012 308
799 340
977 363
585 427
191 576
485 632
70 806
311 264
231 631
991 321
379 353
853 819
867 1009
668 57
502 833
118 495
836 488
852 916
320 787
340 411
21 509
292 823
65 89
721 601
923 294
648 687
483 276
263 475
534 325
135 929
401 10
499 252
145 211
999 325
737 463
973 313
114 756
847 239
841 177
472 542
206 739
1016 94
571 688
1014 253
160 79
90 123
376 559
772 587
913 519
983 745
36 624
358 930
146 148
326 179
722 986
702 796
891 927
592 692
947 436
516 580
704 81
641 604
168 55
575 387
110 55
681 533
440 144
293 13
193 585
548 617
390 913
817 224
917 255
693 383
964 838
920 183
789 643
699 536
924 955
1012 248
782 8
153 667
681 197
783 444
38 872
762 305
530 426
683 554
938 421
237 350
534 877
497 131
668 297
230 170
419 567
576 216
884 176
374 728
149 539
388 131
437 186
613 124
679 965
363 270
621 592
446 598
731 130
428 941
88 373
941 656
873 505
682 492
197 731
247 30
162 344
531 633
759 597
539 119
390 412
1005 901
476 1010
117 425
343 181
556 543
177 429
936 471
964 24
757 592
624 135
481 1002
613 784
359 1010
106 346
759 896
774 495
482 739
141 225
407 597
117 483
913 961
410 292
318 823
393 348
485 49
28 1015
776 964
951 639
986 109
1007 32
528 720
436 755
981 1008
582 575
35 363
301 697
991 947
747 709
35 283
333 114
106 518
459 359
1000 881
991 384
417 960
657 972
705 943
928 67
644 660
1024 484
159 677
601 300
1010 124
408 323
438 19
538 739
75 543
401 995
357 49
1011 366
316 772
693 642
711 1019
656 595
57 329
1007 655
956 214
339 583
907 940
961 745
461 319
863 473
446 534
585 238
606 801
550 570
189 920
916 217
814 898
204 546
178 869
60 186
770 108
26 397
119 651
971 985
435 578
89 809
24 879
657 672
219 628
525 182
400 407
282 415
963 188
34 485
672 115
225 92
490 416
44 249
211 607
162 1013
799 644
501 250
923 822
427 132
315 117
525 951
343 714
903 805
267 280
397 936
5 937
330 620
870 494
78 372
363 55
700 239
490 136
959 175
309 387
505 361
289 622
313 4
811 630
912 191
104 52
991 283
904 107
602 295
669 748
804 679
919 6
143 478
655 383
771 77
439 962
561 251
256 726
333 873
41 41
95 219
503 143
251 60
356 381
106 852
508 1023
6 908
364 401
785 148
226 1017
956 530
782 663
366 491
341 13
55 697
918 380
523 3220
208 2443
777 2822
602 564
563 3954
767 2133
486 569
717 2154
99 246
776 2990
581 3102
521 534
547 1970
619 1886
218 2649
750 1536
908 742
492 4030
498 661
519 1094
155 38
607 1286
368 1665
887 1324
218 467
497 3711
149 799
721 3067
857 3768
274 1340
829 1075
793 0
958 2761
350 1285
331 433
471 3941
108 1510
103 1078
354 476
944 990
606 2620
347 417
412 755
428 2092
360 245
297 2750
702 2213
878 3138
328 2684
45 204
50 2707
122 3588
570 1182
634 3297
192 2972
472 2602
972 798
529 819
863 2408
606 1981
635 2248
365 3975
969 3385
950 1244
424 3345
933 995
488 1498
632 2079
256 1058
959 243
797 1472
222 1431
203 1769
82 3824
685 1066
242 2736
567 2345
610 3680
828 1536
786 3608
508 2276
703 2743
726 996
6 2359
554 2006
407 1989
349 1352
49 1653
357 1576
594 3203
819 3091
316 1861
421 362
875 2974
439 2273
453 2685
308 2995
919 132
444 2058
992 1949
867 998
302 3447
1005 3264
744 1376
483 2386
357 3386
127 2327
641 2721
576 2596
773 492
105 4087
938 1227
335 413
423 2881
734 3851
754 2440
767 577
769 3104
384 2796
63 489
804 868
123 2468
70 931
456 1788
233 2694
637 205
408 1362
752 1575
360 2792
499 151
543 1094
648 3301
262 287
11 1417
883 2694
490 74
495 1687
570 2661
354 3637
187 2050
208 2635
925 824
351 3688
336 1677
805 2759
781 836
41 324
611 1429
799 2351
950 3695
697 658
297 416
6 2216
733 867
870 3432
947 3992
720 1078
670 1872
478 3119
758 3055
819 1283
583 1540
921 3932
140 2219
794 1720
330 3138
482 1491
636 627
471 2536
848 1369
242 317
371 3843
596 1986
1010 2065
0 1074
309 2792
236 819
656 3964
39 3206
830 2844
862 3905
277 3209
764 1344
809 913
234 1235
528 1657
381 3548
415 2947
917 3025
3 2449
121 1941
713 2360
180 1382
492 3417
117 220
29 1322
435 4051
275 1330
195 176
387 1084
694 430
906 2964
791 51
4 1321
698 2732
578 3079
319 820
154 3339
612 3571
719 2694
944 729
684 3821
31 356
532 1983
1020 3299
657 1943
811 1714
741 3611
837 2627
239 745
752 511
307 1841
60 1071
546 3533
83 3744
377 242
991 2052
360 1061
997 1022
225 2940
787 2017
659 3954
398 1599
130 1400
97 211
722 1393
163 1873
896 2054
467 223
896 3490
660 3623
555 249
287 3699
626 3987
783 260
229 851
710 3618
97 1912
240 84
295 1251
597 1361
162 1017
1023 1784
983 2082
452 467
1018 1879
81 1113
716 1573
440 3440
628 1342
146 199
745 1881
721 2904
940 843
46 3009
274 3283
204 643
379 3508
470 3276
671 339
170 2970
1011 3737
190 251
619 704
1022 2678
829 3295
56 144
1000 2598
369 777
714 1940
103 1440
35 4060
400 1332
512 415
754 870
769 159
824 2972
152 3828
436 1014
620 2819
995 2483
579 2473
975 3099
805 1580
448 321
737 3567
460 552
860 3844
163 2908
707 2396
507 917
818 3524
184 2355
297 3018
717 3693
32 2965
318 3760
716 611
143 2317
590 2545
992 1616
120 303
52 1452
265 4052
304 215
109 4044
400 811
94 927
873 2632
181 2439
284 1590
231 213
825 2650
871 4019
420 3016
536 3510
741 388
817 2704
612 3865
1009 2106
6 916
703 1118
1021 1430
990 797
164 1894
412 2196
361 448
26 643
566 3234
107 3970
312 3034
351 2691
276 3101
823 1168
202 3960
781 2856
902 1232
614 2508
234 1923
745 2628
728 2446
847 3205
777 3138
228 1897
747 319
282 335
979 1059
65 2681
777 231
95 2936
672 3027
163 876
313 1574
425 2825
333 2595
945 3218
279 2086
104 3840
618 2080
352 3404
668 3413
377 1658
243 2671
854 442
306 4092
975 2997
802 978
504 3186
891 3163
638 1953
51 3272
238 2607
304 3402
363 2390
675 3994
239 3787
325 1343
942 3688
34 1592
564 2820
697 3412
294 515
629 1499
566 2846
703 1520
696 2228
740 1778
61 1959
253 3092
942 2472
115 1952
223 2205
774 3512
1008 3213
913 1832
125 2596
39 3659
38 1443
194 2716
140 1629
785 897
628 836
747 501
521 3761
89 3049
905 2487
597 204
644 105
246 2395
131 628
152 1160
723 1280
676 2239
859 1785
342 2918
743 999
811 3176
605 2395
12 535
512 3175
542 101
305 393
498 2163
462 4021
553 3817
881 594
850 3777
896 1604
317 502
348 2779
706 2708
764 3140
415 1518
5 1369
448 3500
529 1541
910 2015
82 3907
760 2433
106 545
115 290
995 3035
543 3013
444 1892
575 3932
496 2840
860 258
752 236
582 3324
680 3829
250 2054
997 2233
1020 3208
521 56
601 1781
23 3699
590 1740
657 2042
862 3181
970 77
870 414
672 1466
679 706
958 2448
133 3309
243 2662
800 3455
519 1241
273 2844
529 17
644 1898
566 2600
547 2259
320 199
277 385
799 266
709 3195
829 1471
847 3436
601 3836
354 2004
339 3916
37 3202
927 3931
876 2358
160 2480
985 3568
707 3798
926 1532
893 3076
270 179
302 2717
92 979
319 3179
871 4012
896 2968
741 1226
332 3284
47 3850
65 2283
668 2971
395 2273
952 1653
113 79
83 1878
9 1006
651 2401
309 1335
418 3816
660 3700
525 3338
468 1556
744 1266
1020 800
12 3863
690 3133
287 3752
285 1086
141 3287
45 398
380 224
577 3126
365 1032
752 1910
491 783
25 388
920 4088
234 493
270 2689
408 2278
292 282
962 1099
137 2627
794 1247
621 3350
502 2887
893 3049
1009 2103
942 2282
1017 737
101 1433
401 3091
512 3070
639 2683
865 782
40 23
98 2181
712 1002
201 3307
513 2530
297 3894
800 2039
47 3238
400 2833
499 4061
374 394
413 600
598 2823
386 2973
684 1237
237 2275
361 724
703 2383
571 1073
532 3976
703 60
52 829
996 2527
240 2147
64 1396
766 739
316 3510
189 1179
57 914
104 3647
802 3813
441 3413
676 2187
189 2168
1 3295
284 2769
526 1728
159 1360
435 3570
871 1423
115 1523
937 2661
769 3503
321 3174
677 3898
543 2473
766 455
595 4056
81 3491
642 1808
481 82
786 1950
238 4079
482 1969
320 2721
148 329
942 1459
866 1085
163 2735
489 1188
589 2888
272 2056
993 1356
751 1891
627 50
132 3441
272 84
67 1942
839 510
160 3621
878 3207
571 3380
370 2845
460 1437
577 533
350 4022
958 2191
475 2670
465 3999
977 202
571 68
152 85
1003 843
330 219
769 1842
954 490
798 3695
396 1525
914 144
678 3929
783 1492
611 4
626 1741
621 3134
264 3139
135 1598
660 2883
655 3359
506 3711
434 985
451 3323
875 2412
865 1249
370 1271
80 2803
199 2072
28 863
557 3882
872 654
721 154
728 2160
948 2904
119 3436
1004 579
540 1649
877 414
778 3039
192 3800
975 2667
350 1586
586 2080
895 1574
336 1638
244 1452
582 185
297 1989
797 3359
651 3293
800 2964
518 1655
21 1340
283 1395
75 799
394 476
14 2074
58 745
271 1625
191 3002
358 3679
792 1460
377 1965
204 2114
287 151
43 3927
463 1088
380 3633
932 3556
260 2712
116 2031
10 3726
375 1154
731 68
1022 2694
230 1947
335 3429
274 2046
64 2760
863 2526
309 1376
416 1931
444 3844
233 796
436 2401
336 3565
123 2600
683 346
415 3571
121 2438
289 3485
770 351
350 3696
313 20
498 2462
766 1176
35 808
556 2206
955 480
833 3861
258 2415
920 3217
492 2430
881 579
969 3979
296 4074
330 3307
859 2091
63 2728
70 1172
301 562
346 837
995 1360
816 1926
668 1950
270 625
771 926
284 1190
745 3311
122 1165
120 690
925 2466
461 1474
106 2809
909 2573
63 1200
1013 2234
523 409
287 985
887 1339
941 4027
858 3205
299 1712
927 118
260 2068
711 25
443 2428
830 2660
349 2953
406 4008
88 1259
421 469
878 3150
39 2992
236 3213
73 2974
36 2201
841 4003
25 2383
356 744
769 1309
665 3115
655 3260
69 3543
383 3053
216 3547
944 472
550 3709
558 798
940 3661
491 2842
947 3061
920 527
863 764
484 2993
207 3267
238 2277
417 3944
320 3965
874 3559
962 2751
151 3138
704 2931
657 2749
266 1262
8 3645
562 758
261 955
695 1482
380 100
295 3227
384 587
435 1557
403 2849
264 3827
435 253
320 1227
62 1610
264 2048
238 3791
269 2578
264 3318
177 1855
266 526
626 1896
3 3718
209 3994
431 2435
164 644
376 2882
64 3501
632 2859
373 2432
384 694
389 637
144 3694
868 3730
466 2456
934 3093
893 732
354 3609
435 1920
259 563
183 866
677 1447
852 1583
346 2789
101 1484
130 720
333 1509
83 2568
154 477
886 4023
972 3692
328 1820
309 3913
713 682
221 744
587 1996
371 2453
964 1264
981 200
660 287
1007 1082
543 3863
287 2364
794 3698
553 441
38 1680
428 2549
318 366
25 738
458 7
979 2294
651 3093
261 1350
526 592
879 218
276 3235
954 1886
154 3891
421 1241
658 2996
580 3022
451 1720
39 4081
723 3841
776 3136
310 2205
179 1755
34 1986
530 1464
659 560
723 3457
223 2983
731 2701
870 1401
302 2176
79 1529
177 882
867 2578
276 1240
280 1590
724 2076
760 1615
529 903
319 2842
330 2083
420 4050
890 3102
683 2691
1020 1621
725 1554
11 298
157 804
311 2236
405 2048
567 1611
615 3757
252 3339
146 3423
121 781
816 2513
420 1476
482 212
855 1310
883 2189
671 2900
126 2632
365 2730
871 283
284 2724
239 252
937 1875
94 3926
182 1190
947 1264
705 1327
755 740
952 2149
387 3285
355 3856
612 2294
831 1026
685 1762
1022 172
848 532
784 282
109 3135
917 697
863 3275
443 2123
379 3859
503 124
226 2158
324 1455
191 1637
860 2727
681 3875
518 667
839 3414
874 3588
798 3735
726 634
308 1931
86 1643
695 3219
934 1553
653 3122
160 3485
845 3951
469 2532
139 2060
816 1329
972 821
139 3382
826 2835
426 4086
624 2648
483 1152
747 1956
56 1593
74 2466
468 4062
380 727
583 2677
89 201
213 2076
333 2277
26 5
315 1305
44 3237
155 2165
717 2518
598 3852
688 1200
745 2369
740 2792
711 1843
523 2232
813 2115
268 3154
110 1927
108 481
487 443
724 3206
299 3874
920 1792
214 1479
211 2661
790 3884
109 2947
620 2559
307 2897
10 307
374 2878
912 1847
702 642
99 3070
441 3882
944 1610
365 1165
909 1244
675 3333
874 3171
911 3958
761 1664
128 1020
846 357
664 435
241 856
655 3086
656 1153
127 2382
120 756
318 3640
709 1065
261 3755
944 3666
693 936
798 795
411 1604
576 3607
893 2587
974 2446
6520159514 70
5461110825 164
2854418703 905
4560583480 420
2196045432 720
7238770185 862
7450449675 911
3243807691 611
6302112517 801
5314950287 842
1822226445 999
7955558874 410
5077375384 443
8360263241 383
9569771861 238
6965892728 463
5954220188 193
3809826506 206
9173314310 879
5968748531 397
9236296694 1020
458586313 191
291721961 286
383861650 1016
2923851472 175
9593142783 591
6641345525 377
5483131700 495
2617784664 212
6488706458 637
2005767592 341
2910731063 681
1998316814 711
6120931058 529
4846287680 808
5022035117 596
7155589033 89
6897891468 723
2883295403 635
1492698965 459
3744198351 639
4655232259 133
2312903528 890
8323144605 600
1075921980 1002
3706925491 146
1754418430 923
6855217599 826
1255376182 224
9596603388 832
7950880595 956
1287892951 368
4642854435 613
9034053060 781
3780003401 583
2268167833 943
4352403902 714
4217128997 159
8632978110 146
3082947056 284
5233049843 388
8544461543 56
8882280897 397
3500142833 969
2246090168 254
9001115209 257
8222843649 95
7011397765 569
8904916248 791
1970289304 208
6723451736 860
6472782632 5
8146985573 156
6573314648 726
8071617131 270
6667307163 149
785916486 192
3122000617 583
1309183040 89
6792403974 176
3530810589 411
7460294445 709
8931660703 752
7581827635 858
6362382957 729
3500788452 277
8233359895 124
6626182812 48
5694811932 533
3854028596 488
6350114171 384
2002876440 910
61786158 36
9673401666 482
5843180905 569
512555772 835
5438357463 541
3592509853 234
6634610573 63
1241700523 361
4672769403 159
2366557561 39
8910171783 667
2337942609 338
5198787690 346
4148813704 57
6468992427 481
591015305 469
2576438027 442
2179790395 634
6870534304 925
394471286 333
7196217235 890
7315513044 373
7753410268 521
227701286 743
1897837842 391
1326210436 284
2307560828 918
3945177385 716
6059416524 971
2051975858 302
2717808693 555
2265162194 898
9942783201 380
6438746517 846
3177771180 518
186634483 149
8311416663 716
9958390881 361
5483755638 947
2159486835 96
1856432806 976
9979999381 527
1996031529 742
4926008600 881
9743376151 591
2259320329 671
8581263010 416
5623367293 156
4400030314 781
3079285418 491
7125718456 310
5445066647 760
7047998072 218
5195348259 907
9556315287 175
8786086750 267
4325451577 633
2525972908 399
704868051 752
91755685 566
5884954387 142
9800319034 507
9047460283 949
8239967212 276
1199050247 387
7551583658 25
8044993440 892
336197543 421
3720890409 140
7172185559 897
5103718755 679
9586406507 708
8474445195 980
8445220516 899
8128901382 820
3707835137 632
9945010076 467
6466237661 553
9981342682 363
4912663366 858
7254056787 774
6586493698 527
4322360618 448
9236192324 361
1114241644 765
8270339653 886
4358994162 25
4423047068 878
6416060282 141
9143179526 596
4754077287 775
5171501034 38
4408579151 320
1982841737 529
2243910364 373
8533133010 37
5663071006 6
7640179214 913
864721222 232
8633585064 896
2503107529 266
883194457 221
2922202201 473
5252154938 471
5557632003 178
8109774718 334
5022286824 155
2449053157 761
5044509911 716
7179257808 123
7331840028 296
3071799137 824
1321230882 454
8205721540 788
420633538 263
6978909445 983
8135534236 507
4456002456 2
1795369874 509
5566440146 188
8750157714 1014
7870589643 584
9783519015 144
4630324993 503
4193604606 971
1639605346 572
1034835431 764
7367327733 916
5970892216 95
4868352043 14
3883555978 1000
1599001570 580
9915306479 98
6613955319 166
4535325109 80
8578743900 415
5664304006 223
4796428057 230
8247575657 948
3477750391 618
6827539143 307
4298904494 635
1663144603 859
8537858915 672
6000123946 794
4198297395 793
1539511715 511
2908193855 661
9718647962 253
6192123848 880
2572081895 251
3056721799 715
8802559207 727
3706068731 714
3952187987 517
9548807964 876
9079696854 177
5040529724 848
2309744308 657
6718083195 671
1157167861 290
510939131 225
4030958857 988
6072488607 84
3650870840 385
8564076469 205
1482087762 614
528548165 935
3117297915 436
928014949 278
4845957101 666
2577044229 120
3069838496 962
1796868603 635
5063959482 581
7183935446 442
7765024585 30
9833843731 929
9025581065 547
6864585617 351
6179816414 913
8565243583 509
5287530357 992
5597654634 791
5992082226 609
4526933676 762
8681895631 421
7231460571 937
713617659 649
4451234712 164
4375460703 383
4441550220 77
6845411259 918
5739974987 446
3569851831 327
3999327481 661
5831778829 505
8062699973 1010
4098278955 205
8201196678 923
5888669935 44
8110487094 361
3366334760 228
9207439169 134
195970133 1011
2472195370 402
6409028140 233
37394166 306
6903598312 834
8044497506 791
777094066 443
3483409199 697
2556727576 793
6376525970 629
4173630273 770
5553635493 274
966702386 597
9667809004 911
3633461795 1023
3883544436 456
5659799442 1
7327183228 480
9781527668 884
6938939205 224
6069407892 19
7680156980 958
8965129909 404
7805825325 721
3067084991 922
9748135932 594
3591281136 564
4329320562 111
1052994728 365
9047402010 694
2209205712 377
4917998434 162
2170167433 559
4010167475 1002
9072805808 302
2669833549 57
6677579957 925
6433721828 594
6415409066 968
7822174087 721
7037436178 685
6795572697 628
3320039213 952
3125396984 553
8411620343 768
8389270922 90
7993706419 832
237841914 297
1575496298 977
3790899005 733
867556419 650
1788570062 468
7954300033 452
5471195706 180
5244392414 655
696031729 660
3888653282 560
9144521208 84
8002052811 791
7967173655 70
3360495459 677
4969088894 52
4676088950 697
9353431398 93
1230452393 269
2605546914 927
3921371530 944
8111040576 508
4573141339 408
5590575510 593
9478726764 122
2275965647 643
4493873211 341
5486904539 816
1080704572 870
7626000758 624
9717962899 351
9271370707 36
8139466931 569
4951750948 560
7542395727 809
4261132964 662
5920752574 21
6160998254 578
177885129 132
764094298 91
9980142754 890
9053443821 677
5338078559 84
9333262336 310
2762008794 309
2467031762 747
564053591 542
1806738789 910
6626416270 827
5461850069 20
2368160642 720
2437436334 734
1541878834 349
7932955682 995
7516856057 335
9385342696 846
6944647822 312
39389426 747
3125866635 737
6933867033 400
9408975436 280
1224949581 696
1116690289 718
2280657046 184
4764942897 478
3187045083 428
9190775710 757
5319181255 11
1591939700 313
2398604959 431
9716709539 655
3242317460 511
1441663322 132
2220478061 481
4716773590 256
3365931534 847
9901622238 160
7062705794 178
5507455582 880
247402346 886
5934375773 885
8919740637 496
8601663234 254
2770229635 975
1228509224 614
234589029 465
2729918057 494
8430479894 982
9560599172 887
9246452908 374
6389314488 292
6075899389 80
9864589942 117
5918955969 588
8654506396 1002
9686185318 174
153264572 585
1137749972 223
9656489550 779
8703449185 509
2360709753 773
8086618433 714
2778307727 124
6127410332 845
1506125200 187
3790682404 590
2093631090 723
182018986 618
2296893725 832
5363367671 618
6794918240 505
7845503529 787
4176671542 538
9556736689 257
4623432375 296
1881178280 883
9272183208 442
8806360057 593
4685117883 64
174938913 167
5252993094 604
8529118180 369
5476352564 810
6431180999 629
465153645 782
7342963797 790
9797808385 578
3451889905 766
1790367874 31
769750652 249
8497125179 130
3054114209 827
9356605544 564
4829836445 266
1770088910 259
6549977809 153
4482728577 604
2795476740 548
6949522165 687
3486443990 55
9881973153 154
5622826720 861
9303088119 779
5065237076 887
762659132 701
4967243545 454
3168128965 48
5025124892 668
492724130 758
9933722188 253
5439623088 122
4691103815 690
7861696727 503
8401667726 739
183473712 472
2895143803 86
7282157463 231
5664738960 157
2710285920 402
3662419391 146
4351457413 149
1818899166 834
1285569458 502
7182706278 254
2647447783 634
3115915762 955
2997380943 692
6809648558 262
2052481675 805
6837795765 112
7760931662 178
229509823 928
3690253809 732
2390187270 462
3522102164 30
1618316124 484
8340923120 200
3111340622 826
463218876 598
4772085019 13
4783213048 978
8748298440 918
9442906401 161
4185705464 451
9658687344 130
2179153808 515
5911960762 31
879909409 27
6330823698 636
9495136964 561
5641250576 749
5828323913 749
786362581 942
8956694351 285
769066044 788
328378385 613
1086771104 560
1034179080 645
4309755880 916
2730114001 963
3266944258 465
4089287769 129
7866028110 286
4992600171 452
8894544768 310
166843502 467
3874631175 717
8386565102 747
1715685696 155
1073610735 1014
4952938151 637
6895614309 554
2847748421 165
7420759215 882
983622737 28
642359807 273
616147898 732
8510426208 165
906420087 685
6586672624 864
694714002 832
5419615376 427
1711063251 912
5736376085 437
3597776084 308
3786866124 238
8371456722 124
9356984217 329
1312696151 919
1222228496 395
2808359510 222
9585666139 936
4839979690 613
3564722390 192
8370786006 647
4984368521 260
8852038916 514
9499116307 10
9700989902 674
2103719164 443
8829018919 986
337948974 587
7531565802 320
1099896033 485
5984545070 54
8782282095 862
6733965301 14
1577129719 239
8521510971 984
6504078888 667
8820901067 997
6902548213 406
6998141626 44
5263385834 846
2430044509 589
6910341036 846
9773655424 549
6177579763 969
3594510912 521
9197691088 292
7456132917 146
7395565621 931
9275822360 343
7538277645 747
9415395322 30
3540766951 20
764295825 186
9600802846 367
64321506 682
8040715328 240
8136355250 405
7443785087 66
5269955797 228
7213984042 599
7654449660 745
1572224470 148
4564163011 499
3706572734 458
3253495093 511
157975971 914
316036238 722
7493847578 995
4791751192 754
8055032280 306
2108814038 750
1934134476 473
7236293395 653
2199096173 388
534529780 108
2621401771 198
291289213 772
8913507193 129
3449566231 438
2073781638 775
9876416242 518
4452639635 581
4612694998 315
9326004556 559
3737294358 445
1670990039 790
7478932195 434
9600218574 292
9135972286 985
759841751 569
3976515747 371
5995531090 170
2946565597 580
8889497806 411
2470738740 197
673905911 383
9674002576 816
8009902701 620
1396505328 273
3077775985 582
2171685146 608
6042151204 657
8835363310 611
1616206010 411
6201450853 972
4788793140 948
7188751369 841
9858360554 370
724186470 15
1357480616 870
2347310452 854
174570997 140
5917567819 423
5673422178 407
2180365986 513
210838461 498
1372343929 424
3499749226 694
7192937810 976
3531724233 858
5925979531 533
2657780467 559
1125578243 386
4304145020 554
3501958182 469
7508479215 303
1696892467 964
7072593850 908
7432734518 231
415495080 100
8724692005 416
3658452027 567
8664953626 779
6078804331 132
2297824776 283
6151179703 223
5974826409 14
9836780292 895
5030394864 46
405444705 170
1619186876 48
6334800781 706
995010400 848
5076695314 380
982636346 383
7329588098 406
4539568764 340
8708146241 325
6693405305 874
2415066823 406
5352432370 252
2118095585 706
3423605418 814
6017094963 755
6788357737 357
6987886867 218
3523707629 325
8019567762 612
6200777544 746
4788395848 204
7760020501 962
6176099399 677
9220363947 994
6493687787 988
2257189841 617
8267541208 567
4092813236 226
6876272035 729
8990563634 484
6828632192 769
1140303375 175
5427963710 880
7643120307 558
8504412111 606
478324740 99
998538599 862
1893840712 520
9654134689 5
4991766355 145
1592804832 440
258293734 917
5395867580 606
538294496 14
5276790675 31
3895624190 355
4594459665 980
6296659629 838
7436722384 622
9870677140 756
1016656623 378
1461975924 170
2432057677 293
7806487008 597
330442426 424
2113768332 436
1961074109 440
8597068520 609
2136613624 717
1666018845 368
8516457078 532
8011643684 66
9038790613 849
4659993183 369
6259600492 982
7105143069 88
7161159133 834
8220940807 991
177972962 849
5955581615 768
284669923 622
6978924653 857
41207091 149
1153980190 241
2552705326 889
2335497406 742
5767930286 977
4506342002 895
4044852183 796
4972321103 607
70518780 27
4539845479 1006
9894471195 238
7411543409 478
6963611846 880
790051578 67
8131392382 638
3611800025 357
1431656420 1015
539846283 553
5575372640 75
293168682 53
3789009483 346
8572763997 509
2041201268 30
3120883538 709
2696295303 635
8351227400 32
9111922071 493
6184803091 471
9842859275 791
5922536954 780
645639602 764
4303960429 209
2057939438 296
7510927761 143
1391813332 371
5866656369 642
276255422 106
9386694135 662
8769708301 758
3500374070 653
8677153026 534
9603456584 147
3217376667 134
1938434248 438
9799155441 448
6345354343 337
9696114344 736
5093496030 127
5817161975 923
3379138532 395
954346455 958
673660938 399
4035677480 229
389659586 652
4948226858 192
3971629343 207
2868035897 831
2437437778 564
1208474890 660
4462223471 354
8491773311 459
2180261378 842
5585965242 558
1745970531 514
7673579697 28
5314162282 413
9121808816 962
201107326 757
9293499669 598
6433578391 19
7857503154 839
6219087000 636
6770519016 398
4687730973 165
6825835158 226
5782677343 735
9049027077 628
396641305 467
1969703387 809
7348887767 19
4439940984 915
9254236638 506
2464848760 263
6302545929 511
1143969524 343
3763209252 30
9833929541 595
7241100088 406
2962653193 474
9593638011 529
1607836835 70
3500709996 603
2025766596 356
5809779561 389
8181628145 616
1340789313 125
6365046088 388
5362847467 101
396151148 439
5146648481 470
621221115 657
3623622306 112
3312313823 546
239479403 334
4780335726 329
7943881577 37
6275806395 595
3992779431 844
8114818758 70
352537561 567
9605416529 690
1056636160 792
3050762212 204
6652943243 610
253795185 76
556882801 347
4119061157 204
3034681124 533
9387581851 192
4952170244 284
7372037515 494
200596455 249
6466562475 407
4096000628 545
659768433 918
9365059724 118
8275594190 937
9697161649 97
9689589413 465
9811174738 948
6170297849 590
4833525533 868
9600383749 214
1452476275 6
7606272117 85
5574353852 771
4180187833 921
4500096152 572
4580052485 48
197980307 381
9131188408 35
2881068034 174
2775778906 858
2129962215 50
6360411364 254
7510175693 632
5237294511 725
6717400977 277
9881862259 956
5657443838 754
1699210508 369
2740550226 766
8956387842 634
1007422599 94
3380482169 122
3004263642 144
287400544 144
8107704804 458
2330731848 302
5995683570 651
2131757686 506
6245528364 113
9126852307 713
6543713674 227
9018863435 180
9153619406 583
6994673384 611
3667931147 166
8680466443 1
3675652468 413
2805761228 451
9877993273 102
1142966899 909
1245406904 836
606751630 138
3410245466 399
3427584980 348
5862459133 664
8756874332 21
2590822083 154
7768285729 981
3310014330 416
4413808767 302
149896339 251
7362182028 287
8109790583 263
7462271238 682
3341587695 797
2986158183 12
7325463741 831
9745640407 106
9203273077 956
3872868360 958
3306061860 487
7157923851 907
1087864273 14
3701285947 574
8742670857 669
4781074730 703
9037013277 963
7320020060 814
2018314746 72
2540533711 213
1438388098 126
4027194836 544
5311907540 487
8832826597 522
178217582 395
7445072919 203
135248005 923
9150678934 454
954856188 768
8952126056 195
142091738 842
835937045 162
3031789781 1017
8690408340 94
733482250 891
9227442136 775
8442385921 821
8113211622 406
2920519088 955
4395637889 733
381147455 58
2024635963 428
4841187268 389
8625471013 402
8206511793 328
7319385177 111
5694904588 420
7064656258 713
3640912743 862
6310928143 489
144968968 313
3502391298 246
5063084803 774
2909394261 54
4851937974 497
631315013 583
3643123870 619
78626353 181
4051413731 380
9481240220 328
9715169318 400
1698147504 648
4118569182 529
2119904615 292
3620586632 15
7619678711 744
4103894693 770
7931341611 128
65307161 454
3358737938 532
6258029666 236
5262505010 586
1008149714 873
5317977354 826
3921912269 560
843320646 511
3564237835 553
1508196412 233
3204737947 204
4151735948 305
1268783489 461
7689586320 929
22810284 858
2357172113 491
6505500340 735
1941559737 1006
863226299 516
8325598895 347
393002055 963
3214810234 643
9332915728 367
2779507170 338
2445366620 785
9701457796 810
9336345315 266
2071678475 200
4508867073 521
2226372361 856
0 0

